0_1079efee042629d4ce28f0f1b509eda 14.188122477531433 0.6700621616840362 0.35517524266242984
1_110ab054cfc351f46a2345809e2bb169 14.34947467803955 0.6506101899147033 0.4060331524610519
2_1198255e3d20d2f323f3ca54768fe2ee 13.682366409301757 0.6567477676868438 0.36790585100650786
3_11a96098620b2ebac2f9fb5458a091d1 15.355850405693054 0.6854173183441162 0.3923938480615616
4_12243301d1c8148e33d7c9e122eec9b6 13.458855714797973 0.6610230731964112 0.37974372959136965
5_12410830e8a5067c69576518bd9bfe48 14.230003480911256 0.6758768811225891 0.3944613295793533
6_125a4780c2d5095d19454008aa267bf 13.821591067314149 0.6528648700714111 0.3933021951913834
7_12909f5d613953b8b3c9b3f81618206b 12.75494966030121 0.6582680087089539 0.37634198093414306
8_12941cb870df79b9815337ac44abb964 13.26963873386383 0.6640246660709381 0.4193647463321686
9_12de9c37c83992c66392cc95e1b05a28 13.443808917999268 0.6391772472858429 0.40568091249465943
10_1328a95d69cefe32f200a72c9245aee7 12.411662049293518 0.642270489692688 0.45617522835731505
11_144d0880f61d813ef7b860bd772a37 12.494327940940856 0.6328341121673584 0.43142373967170716
12_1523402e11400b75becf71e2e014ff6f 12.052045040130615 0.6419633827209472 0.4162182070016861
13_1552f1a6521bb54a4bb135bcd06914d 13.107009391784668 0.6673557002544404 0.38734896087646487
14_156d4748560997c9a848f24544821b25 14.094893174171448 0.6368780162334442 0.39163469612598417
15_158a95b4da25aa1fa37f3fc191551700 13.637803812026977 0.6559844169616699 0.3653644326925278
16_15f605c6fffea827e7436c0fba14b4d2 13.232878260612488 0.6378267905712127 0.4130673249959946
17_167a645149efed1fdca2ca2624f821d9 13.725949602127075 0.6775650486946106 0.38179020631313326
18_167df2c10c116eb5d61b6a34f3fd808c 13.309673409461976 0.6287640724182129 0.39310495495796205
19_1688bcda878d3b18afe717997470b28d 11.950966563224792 0.6230255682468414 0.43186859726905824
20_16ba461c0d7c8435dd141480e2c154d3 14.030049986839295 0.6611413843631745 0.3934456374645233
21_1710ff46ca275e171df27141dea8c9a 13.121824731826782 0.6240937538146972 0.4192784070968628
22_1714b6e57c8c4983fb1aad5dae793ff4 13.163616781234742 0.6226593978404998 0.4016285779476166
23_174f1a421f652029d577c0ac53e96823 13.87137984752655 0.6435172395706177 0.37834310925006864
24_1790131f5f74b1ed973aff268eb6b00c 14.054137706756592 0.6772583105564117 0.37023504376411437
25_17926c1ef484b73e6758a098566bc94e 11.94525731086731 0.6044831664562226 0.4389972994327545
26_17bfc66c6bc0a99d68c415156b102065 13.924199352264404 0.6536674273014068 0.36839775562286375
27_188621bbfc7d9477ce27281f3b76d1f5 13.680686902999877 0.6356323201656342 0.3893070955276489
28_189c2b53ef76d02978a20fe14185667 13.813751459121704 0.6526926543712616 0.3863529962301254
29_189cffefcdd5cb071a126804ae24042 14.066510815620422 0.6687959218025208 0.4052546087503433
30_18da5e80080352be294d52e32dbd135b 12.553954768180848 0.6016201713085174 0.4093345563411713
31_18f6df600df7341ab0bbc6f39febba97 13.059556879997253 0.6349493911266327 0.40469828724861145
32_19042f5a90290859441c11ab4641b257 11.412135787010193 0.594321613073349 0.413863956451416
33_192fdf42f5a2623d673ddeabdcc8c6e 13.000024218559265 0.6580659568309783 0.38299351048469543
34_19d35f3e0c0b402125ddb89f02fe6cc0 13.529214124679566 0.6638148014545441 0.3569003630876541
35_1a3782ae4bd711b66b418c7d9fedcaa9 13.851023321151734 0.646614205121994 0.3910299360752106
36_1abeca7159db7ed9f200a72c9245aee7 13.415155940055847 0.6483762519359588 0.38748159968852997
37_1ae184691a39e3d3e0e8bce75d28b114 13.805529046058655 0.6134621574878693 0.3964623919725418
38_1ae530f49a914595b491214a0cc2380 13.959401779174804 0.653935133934021 0.3709022673368454
39_1ae9732840a315afab2c2809513f396e 12.905880694389344 0.6490575988292694 0.4075725071430206
40_1be075751d7cfbf9ee8e9bd690a19ec1 14.190131697654724 0.6549469430446625 0.34539133405685424
41_1cb102a066270f79db1230abb5fc0167 13.577724380493164 0.6532616577148438 0.38582887256145476
42_1cb95c00d3bf6a3a58dbdf2b5c6acfca 13.159986968040466 0.6430114295482635 0.41746160316467285
43_1cd4a2c1b3b4a9661487189ebf835715 14.140114521980285 0.6776444718837739 0.3580466434955597
44_1cf14b4004e1d2e22c6ce678c9114ba5 13.331476311683655 0.652319561958313 0.3921699298620224
45_1d234607fafd576b6dede2eec861f76 13.582400012016297 0.6571180684566498 0.3704971688985825
46_1d82316d98f620513b86a9df4269733 13.407193050384521 0.6183566980361939 0.40664547455310823
47_1d82451a55d19cdd711f9e3a79a13dcf 12.906813597679138 0.6569259867668152 0.4015702158212662
48_1e0ada2b1891ea39e79e3bf25d5c768e 24.941848373413087 0.8834969527721405 0.3166309034228325
49_1e3f494626a24badf35b4953d8add91f 13.27701232433319 0.6185743615627289 0.40722053802013397
50_1e987cad6ca8a97a7a24dbc42a104ca8 13.18482650756836 0.6774185264110565 0.41149348151683807
51_1f191e0327ce54474cdd04162f008888 12.405044164657593 0.6459477846622467 0.3996236298084259
52_1f8aee726cbf44c23d27832ab9ea6d92 14.184305753707886 0.6653744983673096 0.3688097791671753
53_20649c88556a7e7a113ef105f1affa3f 14.165329704284668 0.6622830791473389 0.4042028739452362
54_2131d5bcea38ce3a68bdb39538968e8e 12.496048712730408 0.6241528949737549 0.4056075646877289
55_2180046932174984a10cf495b6dc4ef 12.428992643356324 0.6351907868385315 0.4769954288005829
56_219a0021526791d18bb5c0bf5eec83fc 13.060994849205017 0.6432201011180878 0.45751151657104494
57_232a1bf61d6d80ffab0e638d7c0cfd7b 12.747206053733827 0.6384549281597137 0.3792323215007782
58_235392f8419bb5006a34aa94ca8a3355 11.085324108600616 0.5724091137647629 0.419640594124794
59_2359486974efded33121f82ae456ac81 12.415936059951783 0.627036146402359 0.425467142701149
60_23bfcd49917919006a34aa94ca8a3355 13.292870168685914 0.6418118152618408 0.38628505659103396
61_244a8476648bd073834daea73aa18748 12.95769030570984 0.6383629238605499 0.3904187859296799
62_247de29743ed24c5e61b9ff60b1be412 14.908904938697814 0.715237948179245 0.4047971407175064
63_24866846d728484e1d1a964dea8a7aab 12.89510663986206 0.6465527758598327 0.4102823717594147
64_259bf3c89b0b2152c1f18a2d53a6674a 13.525445442199707 0.6698850555419922 0.38567541110515596
65_25bd9f423333c691f606d4ef0b8dbe5b 11.537968182563782 0.6066806693077087 0.4166102193593979
66_25c292692638406620f29d4da2b76f7a 13.070042538642884 0.6359288251399994 0.38262250888347626
67_262a03114b8095856a1de667a28251e7 13.54888397693634 0.6255982167720795 0.40045091354846957
68_263e3ee9f0182cc48e35db9103756ad5 12.568640155792236 0.6040532841682434 0.4011329998970032
69_26569f96aa6c4ed880af23b535873bb9 13.434609389305114 0.6527930114269257 0.3776069270372391
70_265f0587e4018f7aff6fa400d1cc4c85 13.305984485149384 0.6725308508872986 0.3831689500808716
71_26c2c91d8eb660ecbeaa545f7f633287 12.692679123878479 0.6486206004619598 0.42488271737098693
72_26cc3a9cc0c28174ae30cad08127b470 15.859929237365723 0.7027750971317291 0.3531586108803749
73_270b0846304e3d66bda733a39f84326d 14.110176920890808 0.678394138097763 0.3860822001695633
74_27d42437168ccd7ddd75f724c0ccbe00 12.565614533424377 0.620216726064682 0.4213016767501831
75_2830f11dbd7172222214ff09b39580e9 12.94635093688965 0.60563014960289 0.4246024707555771
76_28b5cb11ead4c878fd988235de2147e 12.160357508659363 0.566613108754158 0.4391040946245193
77_28bdade3806ef2f328044fe9244db50a 13.585369958877564 0.6215052833557129 0.4014080172777176
78_294331fc6c86a51ec805dfe4ca9f2fdb 13.397621870040894 0.678048323392868 0.3807264816761017
79_2999f005f1eba724bda733a39f84326d 14.239253325462341 0.6737093493938446 0.4212094835042953
80_29e9a4beeaeea1becf71e2e014ff6f 12.290161671638488 0.6014734275341034 0.413565843462944
81_29fc55965346a53733d7c9e122eec9b6 14.460654902458192 0.6759229266643524 0.36906392896175383
82_2a82a66ce6273dce601c8ebc794de3f4 13.20222583770752 0.6230300958156586 0.42422315108776093
83_2a9b4308929f91a6e1007bcfcf09901 13.138980240821839 0.6527468392848969 0.4145378190279007
84_2acbb7959e6388236d068062d5d5809b 12.183512115478516 0.6249107012748718 0.43195587146282194
85_2b9cebe9ceae3f79186bed5098d348af 10.590629744529725 0.5612648994922638 0.427936571598053
86_2ba7ea78b9b6e2a6b420256a03f575c0 12.890303025245666 0.6601572468280792 0.39169181513786316
87_2c3a5d170774da5ae4a44d0583e1bb01 12.433805031776428 0.6114190380573272 0.39032259583473206
88_2c407d592623011eda2ff65a113288d 12.97194845676422 0.6270778467655181 0.3871062489748001
89_2c6b14bcd5a5546d6a2992e9465c023b 13.395840282440185 0.6637388596534729 0.4074543250799179
90_2cb6de89f5b6e702b626f6a649199824 11.22264258146286 0.5541718093156814 0.4513224720954895
91_2cbcc226b4f952f29e1c4d21c8ecae7d 12.831934537887573 0.6547746679782868 0.37856785154342654
92_2ccaaa66525d7f095473e57e894e0ef5 13.179101634025574 0.6375927147865296 0.4221876497268677
93_2ccc8183090b97cb21a66e8dfcce514a 12.349049854278565 0.6237918167114258 0.41960446882247926
94_2fb155f2d36541b5e3bdba9430565083 12.327189383506775 0.6156265158653259 0.4019385837316513
95_2fb5fe84c28b8b35cc02882a83047172 13.116408424377441 0.656164526462555 0.41606628823280334
96_30ad4418703c8cd2f1da888faee23fa4 13.269977965354919 0.6658553075790405 0.3737039270401001
97_30c86c4764df9f795686045783681fbc 11.041033101081847 0.5901586598157883 0.42240238046646117
98_30f4617775480bcce27281f3b76d1f5 13.361409249305725 0.6541877317428589 0.4044875736236572
99_30feb9f00597aa2a3781057335c8a2e8 13.459367423057556 0.6508055455684661 0.36314013719558713
100_31055873d40dc262c7477eb29831a699 14.57279242515564 0.6613165059089661 0.3624524720907211
101_312cfe616ce515be5826faa473422ba6 13.446214871406555 0.659798593044281 0.3625894021987915
102_31389308f2b032ddf09fb258eb4b1e60 13.252496166229248 0.6685377614498138 0.38582263803482053
103_318eaf9f125d8296541e8704b64e3884 14.076746373176574 0.648404867887497 0.3740191386938095
104_323c9dc2a8911e146f2f07de403e98d8 13.228748710155488 0.6687927002906799 0.3875960092544556
105_32e6ee437b8fa3fb5e52943dcb52313c 12.229420428276063 0.6003386149406433 0.4253254668712616
106_33211aabfefa14603b05c2ad25b4380f 12.596502418518066 0.64681516456604 0.38090716910362243
107_33395dcb83b43eee21e570d3da54bf9d 12.74508508682251 0.6433494787216186 0.3861345555782318
108_33f95e59143938ddb490a9cf145bf702 12.79386365890503 0.6988995890617371 0.4069787926673889
109_34211d29d94cbd52b7c4f0665aafbacd 13.354188933372498 0.6470224297046662 0.36894690823554993
110_346917af7c9659e3814085552234c955 13.629413228034974 0.678909524679184 0.4044797353744507
111_3469d3ab2d353da43a3afd30f2e86bd7 14.174181971549988 0.6378008177280426 0.3771463189125061
112_3476290a1220338ffa975bcfd21f6dfb 12.498072571754456 0.6325060527324676 0.4225859760046005
113_34ab29cea66952f16f48edd113a40fce 12.75404942035675 0.6418367028236389 0.4278331657648087
114_3506955660641ce61d693e0a12bd4ff3 15.40325855255127 0.7535228409767151 0.40907673466205596
115_354c1c380911fd2f4fa6b747e2cb679 12.976339654922485 0.6271870105266572 0.38356781494617465
116_355e7a7bde7d43c1ace5721ccacba16 12.189962091445922 0.6236453032493592 0.40543409025669097
117_35d473527fa9bd8cbdb24a67dc08c308 13.307081422805787 0.6509859149456024 0.3748729968070984
118_35d8d94bdd379556a37f3fc191551700 13.620279293060303 0.6570431816577912 0.3964257673025131
119_35e4f3bca48aad294361eef216dfeaa6 12.827442932128907 0.6234775741100311 0.4217722601890564
120_35f6b9780e173878a8c38723d07b122f 14.28103060245514 0.6803325312137604 0.368582466840744
121_36190ce6fe041e452d647b1c17442c93 14.266215071678161 0.6622993202209473 0.4055080317258835
122_36a5117c64d8ca6ca10cf495b6dc4ef 12.15985680103302 0.6325099565982819 0.41703836345672607
123_36c2770d00fdd0bdf1ee968c9039cc3 13.236650357246399 0.6471925354003907 0.3826902323961258
124_36cf21268838ce6011718baa6d4afc0b 13.195198969841003 0.6701007993221283 0.39447358703613283
125_37a75534a7a006ffbda733a39f84326d 12.941078200340272 0.627966953754425 0.4180994584560394
126_37ad66d0433beb633df8f4ac45647158 13.501267709732055 0.669007300376892 0.3937342334985733
127_37c5ac3d5b34761add75f724c0ccbe00 11.864517679214478 0.6018959422111512 0.43595887076854706
128_381332377d8aff57573c99f10261e25a 15.071483826637268 0.730314352273941 0.37745998084545135
129_383f8d508b6f25f565d21723f535417 13.239736371040344 0.6661274499893188 0.3927105716466904
130_38e30aa86d7bd4e0574fbf5e869a42b6 13.163722224235535 0.6356081008911133 0.37678753054142
131_38f9aa4c68327bec760191d847b7480 13.37497826576233 0.6537561945915222 0.36857522904872897
132_39201299cf83ec2577763486d77d1cb 12.324262204170227 0.6100105130672455 0.3924194756746292
133_39279457a4bc87285e717a211c863fc6 12.754692158699036 0.6360134501457214 0.4225523998737335
134_3980afb8f986988daf285e0d3f56d074 13.270855717658996 0.6641114757061005 0.3910568482875824
135_39cb477c0a03aa1c3ab1417a5ca1ff4 13.180241208076477 0.6297637097835541 0.37726997399330137
136_39d161909e94d99e61b9ff60b1be412 15.69357358455658 0.7730188155174256 0.3536721186041832
137_39ec376b0df877986483e7894702b192 14.719384112358092 0.6824990315437317 0.3591880168914795
138_3aa2614f69105d0f31780fdd33037c9d 13.48151243686676 0.6425788185596466 0.4145676954984665
139_3ab98667cabf774e3343f5fadc4a2136 12.626381244659424 0.6479831519126892 0.4286918733119965
